0.2067195822725463
0.2122326289042645
0.2058011918205069
0.20672020660324109
0.19936990457611606
0.20488263109645982
0.2103949035581165
0.21774520558524152
0.22968921934997613
0.2260140683364136
0.2572514897756336
0.24347035456280489
0.22968921934997613
0.2462264907936332
0.04639286145367178
0.050922996885072146
0.03476987188146665
0.05066228578718644
0.05046590130889519
0.06517018912095289
0.07530362820078162
0.07371291392662246
0.05205661558305435
0.0643748319838733
0.05205661558305435
0.06755135092023434
0.07272117231125162
0.08185796016375226
0.015122685885360497
0.0151778486125474
0.013505521589745917
0.013579079097059622
0.011319229011255243
0.013726194111687032
0.014993925966130637
0.014589813734592382
0.014700149995562939
0.015067483473444342
0.013615857850716473
0.01583938324155112
0.0146447548357341
0.01420386385053899
0.010064292830762937
0.0048482154376507745
0.010052960280601967
0.007095519639913249
0.007685838819181156
0.00993314302144363
0.007685838819181156
0.005675246763060761
0.005084927583792856
0.13894035756820963
0.15220060181341802
0.14369627805911833
0.022629839908484838
0.11688878592956758
0.12899436129137745
0.13807621394586855
0.15263210876896857
0.1405265334071587
0.14384230000375917
0.14239988811157528
0.15191268357829907
0.15710180487931613
0.15537091060869548
0.26602500093160053
0.2523163605666648
0.2412159750050371
0.22522148298219927
0.2075976982772569
0.25133856072801314
0.2745116195185392
0.2761409122006437
0.27418898730426106
0.2689623454329555
0.2735356570703479
0.2816901862862274
0.2692930434525906
0.31008988694805895
0.18646818583559066
0.18738450440202012
0.13737663209773437
0.1357290720804837
0.17584534799502424
0.17639302591284658
0.1357290720804837
0.18335441961210905
0.1820734869613345
0.1848209290780135
0.1936109333458729
0.03590543283443791
0.033185531309457214
0.03938815795864443
0.0315535441503516
0.025678928099864363
0.0456983290664218
0.047548093754172474
0.04178102216227539
0.019777068679266572
0.013439293394874811
0.026615214681847885
0.029900050138733453
0.03582592256652256
0.04292965358798334
0.033155622028074386
0.0322703991098491
0.037896319970305674
0.05003338460944411
0.06010005184479944
0.07490741702238606
0.09473276382637584
0.10642661953712484
0.08422468873359364
0.10183626975814104
0.07815299101796565
0.08851511127602231
0.1019862333764186
0.125669512116594
0.13603163237465066
0.12951735910264256
0.1848925612412813
0.1935477168159487
0.18702237575914551
0.16346663088026103
0.1787894360485738
0.1619062994615198
0.159777937279102
0.17722910462983257
0.18858270717788675
0.20362149696436121
0.1809177982309916
0.23469838991785227
0.19620542883337547
0.20614618227791529
0.21305986876161379
0.13846809033817034
0.15566794120416477
0.18885876232145693
0.15756883121667378
0.16119974472371348
0.1750292535225852
0.18453583941660498
0.18280795175354903
0.17286779207015923
0.20026837405946044
0.18763870036677127
0.19529355122956676
0.2337460657877873
0.16734168330794072
0.1851448324232729
0.19814416665500173
0.15915496215557273
0.14562333708051423
0.1522131857028932
0.1785593828987727
0.17606509440151713
0.18870810170506658
0.2374852989847313
0.01671369887985452
0.019231476767855055
0.020980264124227536
0.01615381838672918
0.018742438406339827
0.025105121258280013
0.023358061952654937
0.020909414043583985
0.02370712820363047
0.03825213134452687
0.03776309298301164
0.044056653805055676
0.21013040015135365
0.2253921026316393
0.24769538122152088
0.1964343905354903
0.20817295821437534
0.21639188945576932
0.19917467890467977
0.1909557476632858
0.1972176063361408
0.22460888683098884
0.2089561740150258
0.21639188945576932
0.24331324047022707
0.2555379242100845
0.227062786596632
0.26166325437180027
0.18814282670538737
0.20291816159316192
0.2364320767123275
0.1816502292773056
0.2097670057937036
0.2000325627362367
0.19282747176323511
0.10572600376134476
0.1103880532991811
0.11877860511209183
0.0845621099101835
0.07673138898429564
0.09780222557981501
0.10684476151218036
0.09463215438416285
0.0697392624735367
0.11467548243806822
0.02545218861799374
0.03792422296800882
0.025689751177041645
0.03525164417871987
0.040860760156239885
0.030711559716915443
0.02750446516976871
0.04246430742981325
0.050204887478790865
0.05634851921416866
0.0691636994828085
0.13352828466413819
0.12685234061721312
0.15021729927103183
0.12226389992835639
0.13352877959706644
0.15168147585039737
0.13665819925789344
0.1472992572149724
0.17045799381535937
0.20175219042362938
0.20300498939822734
0.21072284974791106
0.06218081844494293
0.07717365908999861
0.016576799284307546
0.06254963152053579
0.06704359989495928
0.06803851734143385
0.07360022420141513
0.08089416152858861
0.07816792387791038
0.0848729210514983
0.06218097501017696
0.0694375915548203
0.07065370290751015
0.027222324935286445
0.07205959902078618
0.0741927464859086
0.07373108043474548
0.07476954635636161
0.064450414482305
0.06606438140849304
0.07165557309895028
0.0755758175657371
0.07102166728945894
0.07984221733972931
0.08347471130423019
0.08087925875390839
0.07874677112063082
0.08064991305654186
0.19718808552465888
0.20387226871381192
0.19965136491050914
0.1981263133649259
0.19034845389907293
0.19597733319461386
0.21137658705324538
0.21868601713365954
0.20191817680251917
0.21024366402413255
0.20582690612802607
0.1892541642213365
0.19718848876026387
0.1978925815890987
0.0025996658551964993
0.0030946924519419192
0.00449775565255875
0.00449775565255875
0.008025807014574908
0.005777439022307386
0.009160697524957562
0.011636451486511098
0.011223485936910941
0.21127932020771795
0.19122611175469195
0.16054024839968092
0.1172545507532062
0.013918579036776978
0.22804535672804926
0.2475530305375709
0.2386765515331828
0.20305961183070662
0.19210076176031043
0.19571850915197075
0.046384049890990604
0.05602056457712088
0.0508786927857047
0.05469039653944924
0.047678283247012905
0.04577331987917414
0.06261856264543116
0.06033509442931847
0.058447901242149845
0.06367944243143837
0.05943681179644301
0.06209700784276262
0.06047903289274659
0.06820994999328998
0.0233073888972133
0.023662034391680433
0.02040635385845939
0.010670379432957157
0.009380693408174953
0.018052417970113855
0.026563230501783455
0.030850500535988413
0.027079423549380036
0.029109942188768452
0.026563230501783455
0.04623555826123562
0.04910300103984363
0.057294908475887946
0.05831974894637353
0.03276959035256377
0.0561435444905276
0.05944580822875893
0.06262028321696675
0.05473533776997148
0.057859203352229396
0.06999407366386796
0.06687020808161005
0.06763820581689987
0.06492427642283619
0.24841973087664312
0.27285953540748026
0.26856253484988213
0.2647493060125924
0.24385419233857505
0.24511642019247776
0.2287618759066846
0.270871973825477
0.2576046450898181
0.2506763281630335
0.2501387863325071
0.2291919093711057
0.23612022629789034
0.22790180897784235
0.037415887563534325
0.05537565043012206
0.05312979705781776
0.05828477833389436
0.05628976565192131
0.04506550789536234
0.05986476263094613
0.057370483129488586
0.057536905402650086
0.05944973424602486
0.06019760717726913
0.06177759147432091
0.06235904213240368
0.07109107498347006
0.004037137597909619
0.003992290378644049
0.0027367493590320182
0.0014354355690346147
0.0013910977908404953
0.003857386702888385
0.003094776917949532
0.004597827598730179
0.0030049929171064404
0.005517836496258155
0.0034095751431277794
0.003230007141441596
0.2490804348093808
0.26091643498106987
0.2571507530656613
0.2395048727089947
0.22056951638834085
0.2579031689374312
0.23853710105767234
0.2763014651658677
0.24267937642239834
0.23832174527811983
0.26102449838427866
0.2533860149934841
0.27221502278102566
0.20184685713391173
0.005016577508685434
0.003974850366685501
0.0022152264498012347
0.0051468597093128985
0.0022152264498012347
0.0030620353979083927
0.002279622567528015
0.0020204281936777252
0.006318869051940295
0.01046423210365037
0.0023366731881937722
0.013174957719203226
0.013082599095163945
0.03279654739634816
0.023359804985134774
0.017661277881911228
0.02018266831818356
0.024574320891251302
0.021477915537229463
0.040323539953784945
0.034430294638138924
0.027759928618804768
0.02665337521333677
0.03188825244615198
0.04092177894463189
0.04905867933701115
0.043330029442303734
0.05255796044688791
0.03422110651940316
0.03733231779770296
0.039575731014533544
0.036763887892021674
0.1720385893132039
0.15822635823313702
0.10573792101140966
0.15622707211946232
0.07335038638994962
0.1284108429878544
0.14041346229411394
0.16003570872223305
0.144412766118655
0.151081411047981
0.18013580016293715
0.16346536479778123
0.15708389765926983
0.16765768976041082
0.003837071906946562
0.020229450018359296
0.006782670291517361
0.008923753793813641
0.01240329011371429
0.024896986430924098
0.007763908353846758
0.020925728565181975
0.01070762254083495
0.007763908353846758
0.01409895768659363
0.029269559639012177
0.13215094130704896
0.005945152830025351
0.11728499060012014
0.10071129299797348
0.12338074662200897
0.1219683825422161
0.1466452665163343
0.12538817697209168
0.13438028950091593
0.10539284831577841
0.12107578313678134
0.11171083587688044
0.10613668115364072
0.2221200086197022
0.15555008639979434
0.12523031163780482
0.15726347289794718
0.21414399577008522
0.23681867906598222
0.010874792441222822
0.2067627527951531
0.14309220301160902
0.15337415069491586
0.16471149234286434
0.16939073132498703
0.03652695727224619
0.020780121973298663
0.02206276176851533
0.05282123318925797
0.04577236969385207
0.04732872979810087
0.03579402024640809
0.03588676845029501
0.04357582076765209
0.0514481073414687
0.16385868898940634
0.18140972712475423
0.1887496592466321
0.16904458040686005
0.16681110158278423
0.17359236120751573
0.17598551504019713
0.18148937459608383
0.16681110158278423
0.16505664778452522
0.17287283802058928
0.1751082881410676
0.17941557078061363
0.18643535727005223
0.10170523332254379
0.09534710432671656
0.09263026711940371
0.0663626768379194
0.08111688765719499
0.09296968108831281
0.10358838058303753
0.09367978087495185
0.10420542755123408
0.06991241304309458
0.08074696456748508
0.08522265258896508
0.09019182563939833
0.043633230555721346
0.0455600726314677
0.04433468767093687
0.03259177596436584
0.045910801189075465
0.04380642984342888
0.05537181228009969
0.1867481730362439
0.2458456338415528
0.021118323364476103
0.2472631277941011
0.2253581731702438
0.24631683375435046
0.19541556052973913
0.17808241332426558
0.07565101460052702
0.04174214798789307
0.07833059800216022
0.09657360988567802
0.0673027826376995
0.09688177747438466
0.10811843368408458
0.08286651928717281
0.07245503910012538
0.08039353805879143
0.10286175679903911
0.12058776024861106
0.11749589700324033
0.13079294642999537
0.047682091304691906
0.045521136403561195
0.04335823155024636
0.036739342161167185
0.031201905198745418
0.04322471890498002
0.03525401398257907
0.036472316870634486
0.004592834997162355
0.006752402034345527
0.20340676711166955
0.26465825455354425
0.2491162998147887
0.19152296608447286
0.1933505011693062
0.2176325464435625
0.18740931788981097
0.13054564279039893
0.2427165385102982
0.1334710543291618
0.20898281611003125
0.2299192749063665
0.2074286206361557
0.11239710492362578
0.10851354037617525
0.11011906408216808
0.0006422094823971324
0.0024099407380675894
0.11922916972936864
0.14552665492608421
0.12391663687923637
0.12257925218393513
0.136644963991695
0.13249046450505375
0.18557355327848096
0.2065781783918406
0.20008387754885815
0.05250754908695269
0.133341449274527
0.1651232327900268
0.15904208147491022
0.05519998709252481
0.010495313174552413
0.11452443124914839
0.007778851931447828
0.018274165106000242
0.10121539223455159
0.07637134351387273
0.060395404731969846
0.07882277180487296
0.10430253399448541
0.07203397839035115
0.08367253244053584
0.1047448077631465
0.07062218823226062
0.06480291120716829
0.0754719488679235
0.0837596799811587
0.10253997498538782
0.08728697668786949
0.1393053436856623
0.2956325554197523
0.28994623351007426
0.3276754635185077
0.2770266989232043
0.2935656444451464
0.321473678232442
0.33129487445357975
0.23877895062273166
0.3201301283722811
0.31423996491689915
0.3382195202157396
0.2977010193949571
0.4017903736752136
0.016860559373748564
0.03221051017363375
0.020149350685904018
0.02714014910844661
0.03385659933708128
0.02480988296759908
0.013707248651177267
0.008291412082550518
0.043997321467455566
0.03988548557357635
0.05428029821689322
0.07004955602714885
0.09525674363719812
0.11343482568818505
0.057445135074469765
0.08022912984282374
0.10543886537910184
0.10301312461117772
0.13476936547916216
0.040121287100066336
0.05838034124537948
0.005414755914257199
0.08938202505041189
0.06391749999291754
0.0025966950732588495
0.11575439848121992
0.10528553874621369
0.11414265671161097
0.15551318272072442
0.15943807240042027
0.14293015554101512
0.1676932744580315
0.059791232934733964
0.12850433924659427
0.13742279060738016
0.07715026394267017
0.11355684795453562
0.09233605720829692
0.16032956781661312
0.15815506230780427
0.16273641774965086
0.17720134754523412
0.0501002378610765
0.05088618176885646
0.05041271363464349
0.0406755697925095
0.06627777701712406
0.06674736426499102
0.08449465752528545
0.026700498060534813
0.059210682981043546
0.07884020611915185
0.09232308116253234
0.14784661045988134
0.15416337007411457
0.11518670342547274
0.13456742585346942
0.1532917218138882
0.125635721458557
0.11583774934823443
0.12106763890959278
0.17441036021752143
0.15720875844009075
0.16330491571685926
0.1532917218138882
0.32031179628752177
0.3630208494276634
0.008555084115081522
0.314801903384681
0.04119240660266073
0.3480043448388752
0.33753262230087655
0.343044234390935
0.36453577677792653
0.047306942214581905
0.05973374780191889
0.0625673097213678
0.04872272011493488
0.07096025548277735
0.062459569724430584
0.05351984347856465
0.06080037377159738
0.0610400952647827
0.06997982151064863
0.07739233329992945
0.0723770364425018
0.02074613272182309
0.051979818964523916
0.06682953214533754
0.08245698480579629
0.07317531771685455
0.09900954596523523
0.10156315124341196
0.10303109200212433
0.1250005074717076
0.12190406993379871
0.10067826518774174
0.11478071823074144
0.12322476711498549
0.1379836193514821
0.1366708209644883
0.08936550871710386
0.1474122670259715
0.1422461622623385
0.1430666612542096
0.06530601585715444
0.08017169324128283
0.0988294491252445
0.10989906638582322
0.1165377108354255
0.08792003458534481
0.1434205088420551
0.1364614589510947
0.13598866555591999
0.14073222904139213
0.18793742467936503
0.18659563054842032
0.18458211006020417
0.1503506031769313
0.16108993197528354
0.19230115812623216
0.18793742467936503
0.1775331297678494
0.19699826687633773
0.1874680455210741
0.1810907915859908
0.20894670311777858
0.18995094516758118
0.07914788998139133
0.09985099852025149
0.1075002559699766
0.005209708099289575
0.09618993444513284
0.09788126252546332
0.07802381802676839
0.15293203282918907
0.20790905902440285
0.14452346484399084
0.1822100123401219
0.17722644458688083
0.16196402782290087
0.1868818665891062
0.20199035075839145
0.12441017708377378
0.12012816542385454
0.1293350106794378
0.135758637196839
0.12076841155944396
0.1511774573547526
0.13939904497605815
0.14882283313708908
0.14025623401709522
0.32033436531138354
0.298791759983502
0.31964025234457455
0.2383410910604316
0.26496575936473
0.31408042544083936
0.28942693727412216
0.27794670173416736
0.3057424021411055
0.27238687483043217
0.3238092639944415
0.18106177347113347
0.19104999631662156
0.16427316929959493
0.18439065987936987
0.1662974359072665
0.15558956625467166
0.17773132344211814
0.18786338580878523
0.18627186877625193
0.195967605125011
0.1850846695602074
0.19576639771516258
0.15471726517201595
0.15423677677086062
0.17152249530131283
0.010419479958386858
0.19192545648370485
0.1596378223171807
0.13731290753016737
0.16275803094690544
0.03859374382828013
0.04203765339792246
0.06540931712538602
0.046747804785143086
0.0650466533778909
0.06613464462037626
0.05598901435094476
0.0557696251703613
0.06677042551104673
0.07519228364732239
0.07066570279895731
0.1005608366511171
0.23740314470209806
0.2025163771930456
0.278395363743922
0.204434472456346
0.2398438041148014
0.26723161827887026
0.31607192710686277
0.02180594143154303
0.204434472456346
0.2773479544203669
0.30089526773140063
0.0545698988546028
0.04756085740422961
0.05758895772428991
0.06513868087250431
0.05047095188988091
0.04701987830112777
0.057804816381192614
0.07063907924098808
0.06848315759365119
0.08304162478697814
0.0981384061617168
0.13610222814028367
0.15834314185571913
0.15933978452339442
0.16249376893262196
0.15269960148238088
0.1404158780680291
0.13195466891817678
0.1452309335900488
0.17643446204961083
0.16232561111626523
0.13773982975373172
0.13867263893025394
0.004801950209507935
0.1669657295646747
0.16167974277404837
0.1508004443793872
0.05735643225915587
0.044120332507042975
0.0916053833882948
0.07958142219007339
0.11371839019634322
0.12828444527889868
0.07718773416303645
0.10632521727358545
0.13807395186702706
0.10088779649027813
0.0874070763862089
0.1478580855097174
0.1687319785365444
0.16090359703330454
0.1722082742349632
0.03682888995602203
0.0594561918081128
0.07630742990430653
0.051369746743219515
0.06550423481553506
0.06924186494727352
0.057417789750641775
0.04403217096797374
0.04858415447522575
0.08765464662950355
0.09315866800050027
0.09628511333082237
0.09309150483550946
0.2568236505290631
0.284061032888505
0.2933400123247333
0.22704098308867723
0.23892355021845063
0.2897489844121874
0.29049973484086583
0.26939366244447094
0.2304840798822717
0.2804700049759591
0.28735619856314804
0.308306943284644
0.24846903686246524
0.2430557299253285
0.26651778681843485
0.20178379839152927
0.23342828850853994
0.2725327077530128
0.24847005074681458
0.1804862805198627
0.23800117451812017
0.24618360774202447
0.2556891451754627
0.2490706508599064
0.2834832533793353
0.23058400984944422
0.23020440162718506
0.24426034971870955
0.20551309278522828
0.20118948540513198
0.23210431073211663
0.26021432953462714
0.13667893534222764
0.2662914103376544
0.12482703200286685
0.21417344920919015
0.24000432803799818
0.2460063136194866
0.06869627463771993
0.06286765954257671
0.004523720891950959
0.07321299339297153
0.09390186096606837
0.04749816930163868
0.027464548208713004
0.03839132330387509
0.04370890050834112
0.04676911758606361
0.1239251748723129
0.121383419947835
0.1271043138498701
0.13345811619038475
0.13256927483479125
0.12494345571330356
0.13638218439553507
0.1287563652740474
0.1293908032734463
0.12456028028792404
0.14273598673604973
0.12646673506829595
0.14477121358560657
0.12569096187101117
0.09200079373667738
0.10230818941226028
0.1034535190102666
0.10742299478299572
0.10887381553833254
0.10650797779165845
0.10711736024155935
0.09467312915937245
0.10879835021945937
0.10024624295815658
0.11185092236787939
0.10803426386586845
0.11979176054630944
0.11960875714804198
0.22102215337614162
0.21725419655877587
0.21574890457389678
0.2072655218746793
0.2148037197835888
0.2138631910759917
0.21555800518275084
0.2232824464000954
0.20576160715906613
0.19596055305267052
0.21631229058191287
0.20236732286283696
0.2302572583009888
0.21046890677976254
0.1109493484988381
0.11577351929852246
0.11577394842203785
0.11384408461256265
0.11895780650425421
0.12074224512240392
0.11992214240410932
0.11804115099499761
0.12107958388588846
0.1197779092225488
0.13424890776920043
0.12353989204077223
0.12826740276861576
0.14147487096440653
0.015065960036232168
0.012236358074623211
0.005429352393574129
0.01720649270570569
0.026538251187943437
0.02508500649923529
0.026691323775440656
0.02202544453432178
0.02814267867911797
0.02730172434039869
0.026307697414182197
0.030285694904079008
0.038451196739561856
0.03884166019889907
0.03903658718884931
0.03318134026566702
0.03773595710624237
0.04131469945962067
0.04261532954222761
0.04020860119406619
0.040663580567833514
0.042875777098942476
0.03903658718884931
0.041379007498315704
0.040663580567833514
0.04277770733993256
0.0022169083579580066
0.009462437105162126
0.011446129243656592
0.018923970099726406
0.02505232567920947
0.018923970099726406
0.014149553543617507
0.0009909586601998413
0.019284723589507023
0.025143627488351476
0.045960439972729264
0.03938521890684794
0.04718972667484438
0.019878540373779178
0.0529512897623947
0.04328747279084616
0.04365933463155658
0.003902253883998222
0.044866737892134856
0.08546395094648342
0.0421718872687149
0.07821494049609143
0.1237335843312001
0.00927939601407259
0.03838223768682837
0.03585996618461883
0.05073530623439642
0.06316110119187289
0.038712292312818704
0.08496162475989277
0.0941299280895381
0.10737638940765827
0.09861590187686044
0.13019393509132252
0.09963292399250478
0.11247156951177747
0.11267296002972685
0.01499251788236631
0.020957609714859552
0.02595301792288728
0.03369311213995097
0.028371050444635948
0.02869372035280999
0.036756484478047725
0.0464286145650424
0.07125427959887717
0.06803156409625002
0.03167769150252994
0.0470842786982043
0.03796980889782314
0.0490144017147556
0.05446163778368928
0.04404433494713599
0.06183899686917426
0.08657137874514971
0.07702263126604451
0.07702263126604451
0.03992425848250198
0.04017739449159066
0.04999096837971512
0.049373325237744875
0.0024690475230859906
0.06288979725572581
0.06838148356247853
0.06825795493408449
0.06498673384883466
0.05276807495138874
0.029371497220959355
0.020251302404631272
0.03288931504021137
0.04136451567860834
0.036480982982446605
0.04294385583107344
0.05199400726654759
0.049694204078238866
0.043806282026689215
0.058311367876407984
0.07339140452320393
0.07942483881352004
0.08430837150968178
0.08517079770529755
0.015442474049708495
0.022106820740493183
0.03415299551442759
0.03825388834624805
0.036971369738613084
0.03306364637609072
0.031781691408458164
0.03273265197217719
0.07048947907019762
0.0503894224044159
0.0721205740008321
0.0516110655211874
0.06030352615975389
0.07021762991509188
0.07143927303186338
0.09194878151150808
0.10648096474123506
0.026746950719116133
0.01757230981472372
0.053181886690526196
0.03250089578240394
0.05520310579451585
0.07884291554307923
0.07395894314541603
0.05038445796865459
0.06826802015490523
0.065155496439636
0.12191486409178647
0.09827889696509379
0.12486984031035689
0.027462427319027788
0.02961330890007817
0.030338954938976266
0.0056392525499701415
0.004755322090748631
0.05720932199999471
0.03758382800664624
0.05252672836475165
0.06542763747212381
0.07267251053979379
0.08920424792586697
0.04844834035986253
0.04868817916615281
0.05502034545519035
0.04261219094968276
0.033372113817240256
0.07341738173745271
0.10798626527024503
0.07752572724508104
0.11354934145684828
0.1006280345103137
0.09951584215981833
0.0256560598874885
0.01727794833684841
0.012386834099822733
0.009540520606258436
0.020104102949354608
0.05357245331141629
0.06509196735612462
0.05661478650783926
0.0646569647278629
0.08052113465237032
0.11964183398042524
0.13778842510260214
0.15148026708721002
0.0649504963713469
0.14160413479280334
0.16656926429329724
0.13165526688182025
0.20440882719742562
0.09498689411725411
0.22020784480024472
0.09245172533779016
0.15759977931500366
0.20050967977805995
0.21903665466068248
0.22157182344014642
0.04068423429107383
0.036110356352809805
0.07993867981085882
0.0983796611632671
0.09132053281761404
0.06997261827567561
0.09549255698594383
0.06564196200969069
0.09115793491751754
0.07944295450568656
0.05310638401053839
0.05745920973270152
0.05682087139063568
0.05572954703516053
0.06692856006031472
0.09451993995069864
0.05354464817089999
0.08468676998487107
0.04015848612817499
0.0865994002985904
0.11801379066310269
0.105903465547294
0.10326178556105108
0.10289951087809954
0.004963777117015036
0.008064730320390096
0.015156961927512074
0.010281326486667873
0.012322697659564008
0.02091748358493357
0.014359688207625601
0.010723769594956519
0.00177415305798913
0.01737355809378985
0.021272314196531396
0.029429037638446856
0.040701340498396216
0.04021645184416383
0.04889515948791101
0.04102504363844695
0.03487868031254527
0.055460890452332844
0.1324805735252012
0.12517681058018787
0.1653414810031613
0.12291703770153946
0.12622077409636956
0.21332513743210452
0.12622077409636956
0.18967914898328156
0.2390547567671337
0.22740790453516438
0.24149067163822427
0.12865668896746016
0.01710927772884602
0.015728063909359654
0.0237335904775748
0.03462015194789463
0.030354856489275744
0.023041460199317697
0.03131974746832382
0.052295045359149875
0.05146653473049729
0.06126205339765321
0.053120146479042576
0.023570145687940698
0.014821438279838176
0.020079912302947773
0.03877368753115121
0.031085077665183997
0.05641450725670482
0.04851988435761047
0.009880995477764673
0.046419060093869514
0.06371143802265253
0.08388545504443615
0.11116056328215773
0.05380428157825064
0.05339369381012057
0.04086797333657415
0.016530380970247754
0.100953495126722
0.1939183439220584
0.1883993813186572
0.29617769679753464
0.23459111348962577
0.3246486595436783
0.1573117604986433
0.27322720060504313
0.3070750547018831
0.3226170704218531
0.3295876465253593
0.30867232883476686
0.03977910074303734
0.06391065627671932
0.052160788485192004
0.08630314839869072
0.044619033119217534
0.10892841449661413
0.12191555534303139
0.11678074317896366
0.11835431464859732
0.10557422267976344
0.13950953371567876
0.13636756699835104
0.14830911101297226
0.14034808166989143
0.2137120956040332
0.2312791537530037
0.209665688246125
0.19266463223830335
0.20399866957685112
0.19671336001331582
0.17728386748431577
0.22107973996757813
0.20561696047111253
0.20804539699229094
0.23346396608175904
0.23427411170867607
0.16514168487842362
0.23249379168903125
0.05742031020748759
0.0617851824077703
0.056012561386124184
0.05819362389623856
0.05091942090920874
0.05577288418721052
0.00921558829823053
0.061591048190839805
0.056983254041724545
0.04728231941569384
0.05334615254820963
0.06135137099192614
0.05091942090920874
0.0518901135648091
0.19239578658213888
0.19478492891298244
0.13246326407501463
0.181754665832816
0.18132002577812603
0.1752404309390678
0.07144194676718564
0.2032559337234659
0.1802361086047017
0.18240930887815146
0.124859746081241
0.18349322605157578
0.18675034349844988
0.17111403338281378
0.06680122034826229
0.07186676068422962
0.060448555500676786
0.011698025040605964
0.05765060035086053
0.06380665490935393
0.060448555500676786
0.06257572061210406
0.06492694342707571
0.07947824650726196
0.08804222984273515
0.07863872165509268
0.06492694342707571
0.09531857291895032
0.24382439190481306
0.24375817473387143
0.2415531436184866
0.24656437983379348
0.24322410607314576
0.24516090346377342
0.2458956646221957
0.2493713325738336
0.23453741291705693
0.2268529670040295
0.2529790924191204
0.2470993520030717
0.25491754095841873
0.06541685918096997
0.13101895805064676
0.13189801609047017
0.12899839966897475
0.1205625192704768
0.06924370399683437
0.07478076835106083
0.13567761925862204
0.1413883954357262
0.054482541847802414
0.14121251221506254
0.08523822008829794
0.14156427865638987
0.13330428147855558
0.22218845372436527
0.23089755377143334
0.2038055063878217
0.18868522398840845
0.19352407301087338
0.19775619791254745
0.22243163801722343
0.2270283951491265
0.23948566675235924
0.23694519629584584
0.25363758158952504
0.23948566675235924
0.2189227999984626
0.2636769230759115
0.38130266811007935
0.3956518176811655
0.3678880704955253
0.36623763274341425
0.35188892902097973
0.3551188942028769
0.3680316638982331
0.363225716802666
0.336106064029525
0.3213992631793499
0.35813081014362513
0.35167442529594706
0.3655214384879332
0.33768559145931115
