0.20672020660324109
0.19936990457611606
0.20488263109645982
0.2103949035581165
0.21774520558524152
0.22968921934997613
0.2260140683364136
0.2572514897756336
0.24347035456280489
0.22968921934997613
0.2462264907936332
0.05066228578718644
0.05046590130889519
0.06517018912095289
0.07530362820078162
0.07371291392662246
0.05205661558305435
0.0643748319838733
0.05205661558305435
0.06755135092023434
0.07272117231125162
0.08185796016375226
0.013579079097059622
0.011319229011255243
0.013726194111687032
0.014993925966130637
0.014589813734592382
0.014700149995562939
0.015067483473444342
0.013615857850716473
0.01583938324155112
0.0146447548357341
0.01420386385053899
0.010052960280601967
0.007095519639913249
0.007685838819181156
0.00993314302144363
0.007685838819181156
0.005675246763060761
0.005084927583792856
0.022629839908484838
0.11688878592956758
0.12899436129137745
0.13807621394586855
0.15263210876896857
0.1405265334071587
0.14384230000375917
0.14239988811157528
0.15191268357829907
0.15710180487931613
0.15537091060869548
0.22522148298219927
0.2075976982772569
0.25133856072801314
0.2745116195185392
0.2761409122006437
0.27418898730426106
0.2689623454329555
0.2735356570703479
0.2816901862862274
0.2692930434525906
0.31008988694805895
0.1357290720804837
0.17584534799502424
0.17639302591284658
0.1357290720804837
0.18335441961210905
0.1820734869613345
0.1848209290780135
0.1936109333458729
0.03938815795864443
0.0315535441503516
0.025678928099864363
0.0456983290664218
0.047548093754172474
0.04178102216227539
0.026615214681847885
0.029900050138733453
0.03582592256652256
0.04292965358798334
0.033155622028074386
0.0322703991098491
0.037896319970305674
0.05003338460944411
0.06010005184479944
0.07490741702238606
0.08422468873359364
0.10183626975814104
0.07815299101796565
0.08851511127602231
0.1019862333764186
0.125669512116594
0.13603163237465066
0.12951735910264256
0.03733983826003897
0.024886490326631313
0.035703189505134666
0.035157639920166565
0.029985021633061597
0.03189107759041929
0.05260175627902315
0.06732485989310057
0.07195866377529876
0.18702237575914551
0.16346663088026103
0.1787894360485738
0.1619062994615198
0.159777937279102
0.17722910462983257
0.18858270717788675
0.20362149696436121
0.1809177982309916
0.23469838991785227
0.10850159925746507
0.07912664844595753
0.04949012193710798
0.03652250674137792
0.05663113847454481
0.21305986876161379
0.13846809033817034
0.15566794120416477
0.18885876232145693
0.15756883121667378
0.16119974472371348
0.1750292535225852
0.18453583941660498
0.18280795175354903
0.17286779207015923
0.20026837405946044
0.2337460657877873
0.16734168330794072
0.1851448324232729
0.19814416665500173
0.15915496215557273
0.14562333708051423
0.1522131857028932
0.1785593828987727
0.17606509440151713
0.18870810170506658
0.2374852989847313
0.020980264124227536
0.01615381838672918
0.018742438406339827
0.025105121258280013
0.023358061952654937
0.020909414043583985
0.02370712820363047
0.03825213134452687
0.03776309298301164
0.044056653805055676
0.2654796330690171
0.17388561528884608
0.18093083064152318
0.2138934842907212
0.16583305228644815
0.18696869834447946
0.18420160140543154
0.16608178010119404
0.2008104012350878
0.24769538122152088
0.1964343905354903
0.20817295821437534
0.21639188945576932
0.19917467890467977
0.1909557476632858
0.1972176063361408
0.22460888683098884
0.2089561740150258
0.21639188945576932
0.24331324047022707
0.26166325437180027
0.18814282670538737
0.20291816159316192
0.2364320767123275
0.1816502292773056
0.2097670057937036
0.2000325627362367
0.19282747176323511
0.11877860511209183
0.0845621099101835
0.07673138898429564
0.09780222557981501
0.10684476151218036
0.09463215438416285
0.0697392624735367
0.11467548243806822
0.021569202109745198
0.017102683076153133
0.023578131210311347
0.024549113608918316
0.019158487189065824
0.016854915153749973
0.02474331008863971
0.027910721637199005
0.04118974299194124
0.044712065348267216
0.03792422296800882
0.025689751177041645
0.03525164417871987
0.040860760156239885
0.030711559716915443
0.02750446516976871
0.04246430742981325
0.050204887478790865
0.05634851921416866
0.0691636994828085
0.15021729927103183
0.12226389992835639
0.13352877959706644
0.15168147585039737
0.13665819925789344
0.1472992572149724
0.17045799381535937
0.20175219042362938
0.20300498939822734
0.21072284974791106
0.06254963152053579
0.06704359989495928
0.06803851734143385
0.07360022420141513
0.08089416152858861
0.07816792387791038
0.0848729210514983
0.06218097501017696
0.0694375915548203
0.07065370290751015
0.027222324935286445
0.07476954635636161
0.064450414482305
0.06606438140849304
0.07165557309895028
0.0755758175657371
0.07102166728945894
0.07984221733972931
0.08347471130423019
0.08087925875390839
0.07874677112063082
0.08064991305654186
0.1981263133649259
0.19034845389907293
0.19597733319461386
0.21137658705324538
0.21868601713365954
0.20191817680251917
0.21024366402413255
0.20582690612802607
0.1892541642213365
0.19718848876026387
0.1978925815890987
0.0030946924519419192
0.00449775565255875
0.00449775565255875
0.008025807014574908
0.005777439022307386
0.009160697524957562
0.011636451486511098
0.011223485936910941
0.16054024839968092
0.1172545507532062
0.013918579036776978
0.22804535672804926
0.2475530305375709
0.2386765515331828
0.20305961183070662
0.19210076176031043
0.19571850915197075
0.08260712077982106
0.09303223986627229
0.11132439520506343
0.10798058078479375
0.08601735787026082
0.12659998927905702
0.0856884846496626
0.1123725773416499
0.11066826882899307
0.1077829328394096
0.05469039653944924
0.047678283247012905
0.04577331987917414
0.06261856264543116
0.06033509442931847
0.058447901242149845
0.06367944243143837
0.05943681179644301
0.06209700784276262
0.06047903289274659
0.06820994999328998
0.023662034391680433
0.02040635385845939
0.010670379432957157
0.009380693408174953
0.018052417970113855
0.026563230501783455
0.030850500535988413
0.027079423549380036
0.029109942188768452
0.026563230501783455
0.05831974894637353
0.03276959035256377
0.0561435444905276
0.05944580822875893
0.06262028321696675
0.05473533776997148
0.057859203352229396
0.06999407366386796
0.06687020808161005
0.06763820581689987
0.06492427642283619
0.2647493060125924
0.24385419233857505
0.24511642019247776
0.2287618759066846
0.270871973825477
0.2576046450898181
0.2506763281630335
0.2501387863325071
0.2291919093711057
0.23612022629789034
0.22790180897784235
0.05828477833389436
0.05628976565192131
0.04506550789536234
0.05986476263094613
0.057370483129488586
0.057536905402650086
0.05944973424602486
0.06019760717726913
0.06177759147432091
0.06235904213240368
0.07109107498347006
0.0014354355690346147
0.0013910977908404953
0.003857386702888385
0.003094776917949532
0.004597827598730179
0.0030049929171064404
0.005517836496258155
0.0034095751431277794
0.003230007141441596
0.2395048727089947
0.22056951638834085
0.2579031689374312
0.23853710105767234
0.2763014651658677
0.24267937642239834
0.23832174527811983
0.26102449838427866
0.2533860149934841
0.27221502278102566
0.20184685713391173
0.11765440366860186
0.09742528115474583
0.013194966939734539
0.1345711384442663
0.11748059667973751
0.11219025667984177
0.10852881854252593
0.07243011245037823
0.11620218163767745
0.11178374942489458
0.1220153790255618
0.003974850366685501
0.0022152264498012347
0.0051468597093128985
0.0022152264498012347
0.0030620353979083927
0.002279622567528015
0.0020204281936777252
0.006318869051940295
0.0023366731881937722
0.013174957719203226
0.013082599095163945
0.03279654739634816
0.023359804985134774
0.017661277881911228
0.02018266831818356
0.024574320891251302
0.027759928618804768
0.02665337521333677
0.03188825244615198
0.04092177894463189
0.04905867933701115
0.043330029442303734
0.05255796044688791
0.03422110651940316
0.03733231779770296
0.039575731014533544
0.036763887892021674
0.15622707211946232
0.07335038638994962
0.1284108429878544
0.14041346229411394
0.16003570872223305
0.144412766118655
0.151081411047981
0.18013580016293715
0.16346536479778123
0.15708389765926983
0.16765768976041082
0.006782670291517361
0.008923753793813641
0.01240329011371429
0.024896986430924098
0.007763908353846758
0.020925728565181975
0.01070762254083495
0.007763908353846758
0.01409895768659363
0.029269559639012177
0.11728499060012014
0.10071129299797348
0.12338074662200897
0.1219683825422161
0.1466452665163343
0.12538817697209168
0.13438028950091593
0.10539284831577841
0.12107578313678134
0.11171083587688044
0.10613668115364072
0.15555008639979434
0.12523031163780482
0.15726347289794718
0.21414399577008522
0.23681867906598222
0.010874792441222822
0.2067627527951531
0.14309220301160902
0.15337415069491586
0.16471149234286434
0.16939073132498703
0.020780121973298663
0.02206276176851533
0.05282123318925797
0.04577236969385207
0.04732872979810087
0.03579402024640809
0.03588676845029501
0.04357582076765209
0.0514481073414687
0.09368507406861322
0.0971550784271169
0.08572457472873195
0.08953586343063498
0.09075977969661883
0.09035124720673686
0.09150791532623809
0.11123852150424159
0.10055783463913795
0.10511557776699818
0.11280372211362479
0.16904458040686005
0.16681110158278423
0.17359236120751573
0.17598551504019713
0.18148937459608383
0.16681110158278423
0.16505664778452522
0.17287283802058928
0.1751082881410676
0.17941557078061363
0.18643535727005223
0.09263026711940371
0.0663626768379194
0.08111688765719499
0.09296968108831281
0.10358838058303753
0.09367978087495185
0.10420542755123408
0.06991241304309458
0.08074696456748508
0.08522265258896508
0.09019182563939833
0.043633230555721346
0.0455600726314677
0.04433468767093687
0.03259177596436584
0.045910801189075465
0.04380642984342888
0.05537181228009969
0.2458456338415528
0.021118323364476103
0.2472631277941011
0.2253581731702438
0.24631683375435046
0.19541556052973913
0.17808241332426558
0.09657360988567802
0.0673027826376995
0.09688177747438466
0.10811843368408458
0.08286651928717281
0.07245503910012538
0.08039353805879143
0.10286175679903911
0.12058776024861106
0.11749589700324033
0.13079294642999537
0.16488831768427853
0.12481301994508065
0.13103532243542473
0.14239250855071453
0.12415733065403398
0.12787020499345872
0.15942693856872936
0.15112963581165734
0.1517826267928643
0.17711705787779086
0.04335823155024636
0.036739342161167185
0.031201905198745418
0.04322471890498002
0.03525401398257907
0.036472316870634486
0.004592834997162355
0.006752402034345527
0.2491162998147887
0.19152296608447286
0.1933505011693062
0.2176325464435625
0.18740931788981097
0.13054564279039893
0.2427165385102982
0.1334710543291618
0.20898281611003125
0.2299192749063665
0.2074286206361557
0.11011906408216808
0.0006422094823971324
0.0024099407380675894
0.11922916972936864
0.14552665492608421
0.12391663687923637
0.12257925218393513
0.136644963991695
0.13249046450505375
0.2065781783918406
0.20008387754885815
0.05250754908695269
0.133341449274527
0.1651232327900268
0.15904208147491022
0.010495313174552413
0.11452443124914839
0.007778851931447828
0.018274165106000242
0.10121539223455159
0.10430253399448541
0.07203397839035115
0.08367253244053584
0.1047448077631465
0.07062218823226062
0.06480291120716829
0.0754719488679235
0.0837596799811587
0.10253997498538782
0.08728697668786949
0.1393053436856623
0.3276754635185077
0.2770266989232043
0.2935656444451464
0.321473678232442
0.33129487445357975
0.23877895062273166
0.3201301283722811
0.31423996491689915
0.3382195202157396
0.2977010193949571
0.4017903736752136
0.03221051017363375
0.020149350685904018
0.02714014910844661
0.03385659933708128
0.02480988296759908
0.013707248651177267
0.008291412082550518
0.043997321467455566
0.03988548557357635
0.05428029821689322
0.0742657264155205
0.004328617292380411
0.015431684497268087
0.12948017438315884
0.0168795220775137
0.021097913052056484
0.02712461145707064
0.10143274715828493
0.11812456258674696
0.13043516896394064
0.12624790044824702
0.10008624572558061
0.11219552335632059
0.08147534252128899
0.1281171178006431
0.11585822889960266
0.08117611998068804
0.09525674363719812
0.11343482568818505
0.057445135074469765
0.08022912984282374
0.10543886537910184
0.10301312461117772
0.13476936547916216
0.08938202505041189
0.06391749999291754
0.0025966950732588495
0.11575439848121992
0.10528553874621369
0.11414265671161097
0.15551318272072442
0.15943807240042027
0.14293015554101512
0.1676932744580315
0.13742279060738016
0.07715026394267017
0.11355684795453562
0.09233605720829692
0.16032956781661312
0.15815506230780427
0.16273641774965086
0.17720134754523412
0.05041271363464349
0.0406755697925095
0.06627777701712406
0.06674736426499102
0.08449465752528545
0.026700498060534813
0.059210682981043546
0.07884020611915185
0.18369291126875856
0.1342080818559972
0.16096477341269366
0.1970712570471068
0.1568314074409983
0.13942988295027817
0.1749612428409053
0.2033788057698435
0.2096863544925802
0.20120462301880215
0.21360203343975845
0.005323029027218467
0.12242269726937627
0.13298278759181534
0.13492751709673978
0.12975783591578774
0.13643311413281028
0.15166566686194355
0.15416337007411457
0.11518670342547274
0.13456742585346942
0.1532917218138882
0.125635721458557
0.11583774934823443
0.12106763890959278
0.17441036021752143
0.15720875844009075
0.16330491571685926
0.1532917218138882
0.3630208494276634
0.008555084115081522
0.314801903384681
0.04119240660266073
0.3480043448388752
0.33753262230087655
0.343044234390935
0.36453577677792653
0.0625673097213678
0.04872272011493488
0.07096025548277735
0.062459569724430584
0.05351984347856465
0.06080037377159738
0.0610400952647827
0.06997982151064863
0.07739233329992945
0.0723770364425018
0.08245698480579629
0.07317531771685455
0.09900954596523523
0.10156315124341196
0.10303109200212433
0.1250005074717076
0.12190406993379871
0.10067826518774174
0.11478071823074144
0.12322476711498549
0.1379836193514821
0.1366708209644883
0.08936550871710386
0.1474122670259715
0.1422461622623385
0.1430666612542096
0.10989906638582322
0.1165377108354255
0.08792003458534481
0.1434205088420551
0.1364614589510947
0.13598866555591999
0.14073222904139213
0.05387565846083954
0.040008916373397395
0.06330163022845331
0.07349549366161837
0.0076734994303591375
0.044009537149479444
0.058149849107188546
0.06176720120363917
0.04444833238693733
0.18458211006020417
0.1503506031769313
0.16108993197528354
0.19230115812623216
0.18793742467936503
0.1775331297678494
0.19699826687633773
0.1874680455210741
0.1810907915859908
0.20894670311777858
0.18995094516758118
0.09985099852025149
0.1075002559699766
0.005209708099289575
0.09618993444513284
0.09788126252546332
0.07802381802676839
0.12017811703685259
0.10542676924982934
0.12867708050802232
0.14791960549531172
0.14198617994842283
0.12827689621404184
0.13276609230394174
0.1463149060986573
0.14511237210634959
0.16275019769698457
0.16555743108594667
0.1405500331945909
0.1226693016782607
0.13048117514237423
0.14151532201754505
0.17719717360088957
0.08376517668385888
0.0859405595364133
0.09608902903794575
0.07893276171038942
0.20790905902440285
0.14452346484399084
0.1822100123401219
0.17722644458688083
0.16196402782290087
0.1868818665891062
0.20199035075839145
0.1293350106794378
0.135758637196839
0.12076841155944396
0.1511774573547526
0.13939904497605815
0.14882283313708908
0.14025623401709522
0.31964025234457455
0.2383410910604316
0.26496575936473
0.31408042544083936
0.28942693727412216
0.27794670173416736
0.3057424021411055
0.27238687483043217
0.3238092639944415
0.19104999631662156
0.16427316929959493
0.18439065987936987
0.1662974359072665
0.15558956625467166
0.17773132344211814
0.18786338580878523
0.18627186877625193
0.195967605125011
0.19576639771516258
0.15471726517201595
0.15423677677086062
0.17152249530131283
0.010419479958386858
0.19192545648370485
0.1596378223171807
0.13731290753016737
0.16275803094690544
0.06540931712538602
0.046747804785143086
0.0650466533778909
0.06613464462037626
0.05598901435094476
0.0557696251703613
0.06677042551104673
0.07519228364732239
0.07066570279895731
0.1005608366511171
0.278395363743922
0.204434472456346
0.2398438041148014
0.26723161827887026
0.31607192710686277
0.02180594143154303
0.204434472456346
0.2773479544203669
0.30089526773140063
0.05758895772428991
0.06513868087250431
0.05047095188988091
0.04701987830112777
0.057804816381192614
0.07063907924098808
0.06848315759365119
0.08304162478697814
0.0981384061617168
0.15933978452339442
0.16249376893262196
0.15269960148238088
0.1404158780680291
0.13195466891817678
0.1452309335900488
0.17643446204961083
0.16232561111626523
0.039140162562260696
0.03264651454891364
0.060960959180892935
0.03661312177738233
0.031563497069680056
0.049778692286254804
0.06637158971500641
0.06583230940641684
0.08909712933069387
0.13867263893025394
0.004801950209507935
0.1669657295646747
0.16167974277404837
0.1508004443793872
0.05735643225915587
0.044120332507042975
0.14992641777544286
0.11273064313585174
0.13484218412691715
0.12436281075049163
0.1707588309131471
0.14915894106342617
0.12398065156467263
0.14506889027304912
0.12206353895482021
0.09867287011039363
0.22216022428774204
0.2545891605939448
0.24044196160382866
0.28235703072890733
0.27164521013907567
0.22344057888416297
0.25557891785499826
0.28503570517670035
0.18827830130470205
0.12828444527889868
0.07718773416303645
0.10632521727358545
0.13807395186702706
0.10088779649027813
0.0874070763862089
0.1478580855097174
0.1687319785365444
0.16090359703330454
0.1722082742349632
0.07630742990430653
0.051369746743219515
0.06550423481553506
0.06924186494727352
0.057417789750641775
0.04403217096797374
0.04858415447522575
0.08765464662950355
0.09315866800050027
0.09628511333082237
0.09309150483550946
0.2933400123247333
0.22704098308867723
0.23892355021845063
0.2897489844121874
0.29049973484086583
0.26939366244447094
0.2304840798822717
0.2804700049759591
0.28735619856314804
0.308306943284644
0.1782775058863877
0.12817228537191702
0.14051802508503577
0.16502557452281472
0.13143816419137574
0.14258611593087434
0.15250039091851691
0.16629514005290652
0.15068352152032902
0.16066957406444324
0.26651778681843485
0.20178379839152927
0.23342828850853994
0.2725327077530128
0.24847005074681458
0.1804862805198627
0.23800117451812017
0.24618360774202447
0.2556891451754627
0.2490706508599064
0.2834832533793353
0.24426034971870955
0.20551309278522828
0.20118948540513198
0.23210431073211663
0.26021432953462714
0.13667893534222764
0.2662914103376544
0.12482703200286685
0.21417344920919015
0.24000432803799818
0.2460063136194866
0.20207831641537785
0.15815110770226484
0.20582787190691984
0.18199098484266713
0.1747310799515475
0.22990695513928652
0.2225274472021847
0.22143905948374668
0.24842150665733131
0.06286765954257671
0.004523720891950959
0.07321299339297153
0.09390186096606837
0.04749816930163868
0.027464548208713004
0.03839132330387509
0.04370890050834112
0.04676911758606361
0.13345811619038475
0.13256927483479125
0.12494345571330356
0.13638218439553507
0.1287563652740474
0.1293908032734463
0.12456028028792404
0.14273598673604973
0.12646673506829595
0.14477121358560657
0.12569096187101117
0.10742299478299572
0.10887381553833254
0.10650797779165845
0.10711736024155935
0.09467312915937245
0.10879835021945937
0.10024624295815658
0.11185092236787939
0.10803426386586845
0.11979176054630944
0.11960875714804198
0.2072655218746793
0.2148037197835888
0.2138631910759917
0.21555800518275084
0.2232824464000954
0.20576160715906613
0.19596055305267052
0.21631229058191287
0.20236732286283696
0.2302572583009888
0.21046890677976254
0.11384408461256265
0.11895780650425421
0.12074224512240392
0.11992214240410932
0.11804115099499761
0.12107958388588846
0.1197779092225488
0.13424890776920043
0.12353989204077223
0.12826740276861576
0.14147487096440653
0.005429352393574129
0.01720649270570569
0.026538251187943437
0.02508500649923529
0.026691323775440656
0.02202544453432178
0.02814267867911797
0.02730172434039869
0.026307697414182197
0.030285694904079008
0.03318134026566702
0.03773595710624237
0.04131469945962067
0.04261532954222761
0.04020860119406619
0.040663580567833514
0.042875777098942476
0.03903658718884931
0.041379007498315704
0.040663580567833514
0.04277770733993256
0.020002344043280853
0.01400542608058865
0.03785791042092708
0.031076904897738598
0.032823527532499265
0.045736638528810346
0.028665159711660396
0.07134115300432665
0.08424885650022053
0.018923970099726406
0.02505232567920947
0.018923970099726406
0.014149553543617507
0.0009909586601998413
0.019284723589507023
0.025143627488351476
0.045960439972729264
0.04718972667484438
0.019878540373779178
0.0529512897623947
0.04328747279084616
0.04365933463155658
0.003902253883998222
0.044866737892134856
0.08546395094648342
0.0421718872687149
0.07821494049609143
0.1237335843312001
0.00927939601407259
0.03838223768682837
0.06316110119187289
0.038712292312818704
0.08496162475989277
0.0941299280895381
0.10737638940765827
0.09861590187686044
0.13019393509132252
0.09963292399250478
0.11247156951177747
0.11267296002972685
0.020957609714859552
0.02595301792288728
0.03369311213995097
0.028371050444635948
0.02869372035280999
0.036756484478047725
0.0464286145650424
0.07125427959887717
0.06803156409625002
0.0470842786982043
0.03796980889782314
0.0490144017147556
0.05446163778368928
0.04404433494713599
0.06183899686917426
0.08657137874514971
0.07702263126604451
0.07702263126604451
0.04999096837971512
0.049373325237744875
0.0024690475230859906
0.06288979725572581
0.06838148356247853
0.06825795493408449
0.06498673384883466
0.05276807495138874
0.04136451567860834
0.036480982982446605
0.04294385583107344
0.05199400726654759
0.049694204078238866
0.043806282026689215
0.058311367876407984
0.07339140452320393
0.07942483881352004
0.08430837150968178
0.08517079770529755
0.015442474049708495
0.022106820740493183
0.03415299551442759
0.03825388834624805
0.036971369738613084
0.03306364637609072
0.07048947907019762
0.0503894224044159
0.0721205740008321
0.0516110655211874
0.06030352615975389
0.07021762991509188
0.07143927303186338
0.09194878151150808
0.10648096474123506
0.053181886690526196
0.03250089578240394
0.05520310579451585
0.07884291554307923
0.07395894314541603
0.05038445796865459
0.06826802015490523
0.065155496439636
0.12191486409178647
0.09827889696509379
0.12486984031035689
0.030338954938976266
0.0056392525499701415
0.004755322090748631
0.05720932199999471
0.03758382800664624
0.05252672836475165
0.06542763747212381
0.07267251053979379
0.08920424792586697
0.04844834035986253
0.04261219094968276
0.033372113817240256
0.07341738173745271
0.10798626527024503
0.07752572724508104
0.11354934145684828
0.1006280345103137
0.09951584215981833
0.009540520606258436
0.020104102949354608
0.05357245331141629
0.06509196735612462
0.05661478650783926
0.0646569647278629
0.08052113465237032
0.11964183398042524
0.13778842510260214
0.15148026708721002
0.13165526688182025
0.20440882719742562
0.09498689411725411
0.22020784480024472
0.09245172533779016
0.15759977931500366
0.20050967977805995
0.21903665466068248
0.22157182344014642
0.040871367728682155
0.04611323459351314
0.061123832035087956
0.07993867981085882
0.0983796611632671
0.09132053281761404
0.06997261827567561
0.09549255698594383
0.06564196200969069
0.09115793491751754
0.07944295450568656
0.05572954703516053
0.06692856006031472
0.09451993995069864
0.05354464817089999
0.08468676998487107
0.04015848612817499
0.0865994002985904
0.11801379066310269
0.105903465547294
0.10326178556105108
0.10289951087809954
0.015156961927512074
0.010281326486667873
0.012322697659564008
0.02091748358493357
0.014359688207625601
0.010723769594956519
0.00177415305798913
0.01737355809378985
0.021272314196531396
0.029429037638446856
0.04150404987291802
0.031571054383604254
0.053343615586483956
0.06191477520133189
0.05742576065216673
0.04245565370618674
0.053888349936270286
0.05075780870385623
0.060146069843383665
0.040701340498396216
0.04021645184416383
0.04889515948791101
0.04102504363844695
0.03487868031254527
0.1653414810031613
0.12291703770153946
0.12622077409636956
0.21332513743210452
0.12622077409636956
0.18967914898328156
0.2390547567671337
0.22740790453516438
0.24149067163822427
0.12865668896746016
0.0237335904775748
0.03462015194789463
0.030354856489275744
0.023041460199317697
0.03131974746832382
0.052295045359149875
0.05146653473049729
0.06126205339765321
0.053120146479042576
0.03877368753115121
0.031085077665183997
0.05641450725670482
0.04851988435761047
0.009880995477764673
0.046419060093869514
0.06371143802265253
0.08388545504443615
0.11116056328215773
0.04086797333657415
0.016530380970247754
0.1883993813186572
0.29617769679753464
0.23459111348962577
0.3246486595436783
0.1573117604986433
0.27322720060504313
0.3070750547018831
0.3226170704218531
0.3295876465253593
0.30867232883476686
0.08630314839869072
0.044619033119217534
0.10892841449661413
0.12191555534303139
0.11678074317896366
0.11835431464859732
0.10557422267976344
0.13950953371567876
0.13636756699835104
0.14830911101297226
0.14034808166989143
0.015826334297977803
0.02365933345756504
0.04462815097813756
0.05254131812712646
0.0523829374651378
0.014876050326045854
0.032206023254508574
0.0360834164980087
0.04660693159458845
0.04993097017953561
0.0420178030305467
0.19266463223830335
0.20399866957685112
0.19671336001331582
0.17728386748431577
0.22107973996757813
0.20561696047111253
0.20804539699229094
0.23346396608175904
0.23427411170867607
0.16514168487842362
0.23249379168903125
0.05819362389623856
0.05091942090920874
0.05577288418721052
0.00921558829823053
0.061591048190839805
0.056983254041724545
0.04728231941569384
0.05334615254820963
0.06135137099192614
0.05091942090920874
0.0518901135648091
0.07050351451693893
0.054302510354283934
0.019850354591147135
0.018427129921325305
0.020028532641001184
0.07077188145622527
0.07896147256247979
0.07593464544397154
0.06195756731097631
0.06694215324886854
0.016113015002233243
0.13985561943144212
0.18342149112469974
0.17625281621371724
0.17105131785432698
0.17750666973646634
0.16674922679217372
0.120130686981693
0.1701563411349089
0.1685391802310099
0.16441874285943156
0.1654953732694246
0.12039115390731998
0.13014144417591247
0.13565347977897796
0.1297182472196908
0.13124343228963822
0.12717487541348726
0.12463150360728371
0.12802336436036735
0.1448946766794424
0.1390453405320616
0.14658955953876585
0.07553584999186044
0.07925052721336732
0.09101265179283388
0.06525776038144729
0.07925052721336732
0.08519278682141208
0.07986862012831328
0.08841482563051153
0.07677509568766792
0.10129074140324704
0.181754665832816
0.18132002577812603
0.1752404309390678
0.07144194676718564
0.2032559337234659
0.1802361086047017
0.18240930887815146
0.124859746081241
0.18349322605157578
0.18675034349844988
0.17111403338281378
0.011698025040605964
0.05765060035086053
0.06380665490935393
0.060448555500676786
0.06257572061210406
0.06492694342707571
0.07947824650726196
0.08804222984273515
0.07863872165509268
0.06492694342707571
0.09531857291895032
0.020369565674575582
0.041485981321147156
0.043886132053068516
0.04604074306816928
0.042975588936525456
0.042975588936525456
0.03825508788064943
0.04140208858456678
0.03825508788064943
0.24656437983379348
0.24322410607314576
0.24516090346377342
0.2458956646221957
0.2493713325738336
0.23453741291705693
0.2268529670040295
0.2529790924191204
0.2470993520030717
0.25491754095841873
0.06541685918096997
0.1205625192704768
0.06924370399683437
0.07478076835106083
0.13567761925862204
0.1413883954357262
0.054482541847802414
0.14121251221506254
0.08523822008829794
0.14156427865638987
0.13330428147855558
0.18868522398840845
0.19352407301087338
0.19775619791254745
0.22243163801722343
0.2270283951491265
0.23948566675235924
0.23694519629584584
0.25363758158952504
0.23948566675235924
0.2189227999984626
0.2636769230759115
0.36623763274341425
0.35188892902097973
0.3551188942028769
0.3680316638982331
0.363225716802666
0.336106064029525
0.3213992631793499
0.35813081014362513
0.35167442529594706
0.3655214384879332
0.33768559145931115
