0.02780145739867275
0.029439472048093496
0.03733983826003897
0.024886490326631313
0.035703189505134666
0.035157639920166565
0.029985021633061597
0.03189107759041929
0.05260175627902315
0.06732485989310057
0.07195866377529876
0.09341793999263862
0.10850159925746507
0.07912664844595753
0.04949012193710798
0.03652250674137792
0.05663113847454481
0.22421272003620626
0.24107321624707745
0.2654796330690171
0.17388561528884608
0.18093083064152318
0.2138934842907212
0.16583305228644815
0.18696869834447946
0.18420160140543154
0.16608178010119404
0.2008104012350878
0.0124115783584068
0.01024553841288735
0.021569202109745198
0.017102683076153133
0.023578131210311347
0.024549113608918316
0.019158487189065824
0.016854915153749973
0.02474331008863971
0.027910721637199005
0.04118974299194124
0.044712065348267216
0.12633752609212087
0.08260712077982106
0.09303223986627229
0.11132439520506343
0.10798058078479375
0.08601735787026082
0.12659998927905702
0.0856884846496626
0.1123725773416499
0.11066826882899307
0.1077829328394096
0.13369891464444641
0.12224664287024907
0.11765440366860186
0.09742528115474583
0.013194966939734539
0.1345711384442663
0.11748059667973751
0.11219025667984177
0.10852881854252593
0.07243011245037823
0.11620218163767745
0.11178374942489458
0.1220153790255618
0.10599976144056276
0.09348140700465739
0.10633949403298203
0.09368507406861322
0.0971550784271169
0.08572457472873195
0.08953586343063498
0.09075977969661883
0.09035124720673686
0.09150791532623809
0.11123852150424159
0.10055783463913795
0.10511557776699818
0.11280372211362479
0.15003643284928658
0.16488831768427853
0.12481301994508065
0.13103532243542473
0.14239250855071453
0.12415733065403398
0.12787020499345872
0.15942693856872936
0.15112963581165734
0.1517826267928643
0.17711705787779086
0.12514085262577157
0.0742657264155205
0.004328617292380411
0.015431684497268087
0.12948017438315884
0.0168795220775137
0.021097913052056484
0.02712461145707064
0.11698005299242277
0.10143274715828493
0.11812456258674696
0.13043516896394064
0.12624790044824702
0.10008624572558061
0.11219552335632059
0.08147534252128899
0.1281171178006431
0.11585822889960266
0.08117611998068804
0.14845620554703304
0.1696641919109888
0.18369291126875856
0.1342080818559972
0.16096477341269366
0.1970712570471068
0.1568314074409983
0.13942988295027817
0.1749612428409053
0.2033788057698435
0.2096863544925802
0.20120462301880215
0.21360203343975845
0.1010788727314318
0.005323029027218467
0.12242269726937627
0.13298278759181534
0.13492751709673978
0.12975783591578774
0.13643311413281028
0.15166566686194355
0.06417922070336908
0.05387565846083954
0.040008916373397395
0.06330163022845331
0.07349549366161837
0.0076734994303591375
0.044009537149479444
0.058149849107188546
0.06176720120363917
0.04444833238693733
0.11544920659263765
0.12017811703685259
0.10542676924982934
0.12867708050802232
0.14791960549531172
0.14198617994842283
0.12827689621404184
0.13276609230394174
0.1463149060986573
0.14511237210634959
0.16275019769698457
0.16555743108594667
0.1407112463794554
0.1405500331945909
0.1226693016782607
0.13048117514237423
0.14151532201754505
0.17719717360088957
0.08376517668385888
0.0859405595364133
0.09608902903794575
0.07893276171038942
0.020020289418816724
0.02344755126850985
0.039140162562260696
0.03264651454891364
0.060960959180892935
0.03661312177738233
0.031563497069680056
0.049778692286254804
0.06637158971500641
0.06583230940641684
0.08909712933069387
0.1417452973140826
0.12091074471660583
0.14992641777544286
0.11273064313585174
0.13484218412691715
0.12436281075049163
0.1707588309131471
0.14915894106342617
0.12398065156467263
0.14506889027304912
0.12206353895482021
0.09867287011039363
0.2579064270020097
0.22216022428774204
0.2545891605939448
0.24044196160382866
0.28235703072890733
0.27164521013907567
0.22344057888416297
0.25557891785499826
0.28503570517670035
0.18827830130470205
0.10565981644397261
0.12962578089046733
0.1782775058863877
0.12817228537191702
0.14051802508503577
0.16502557452281472
0.13143816419137574
0.14258611593087434
0.15250039091851691
0.16629514005290652
0.15068352152032902
0.16066957406444324
0.14786712710370883
0.20207831641537785
0.15815110770226484
0.20582787190691984
0.18199098484266713
0.1747310799515475
0.22990695513928652
0.2225274472021847
0.22143905948374668
0.24842150665733131
0.015077623370689032
0.024506791890821528
0.020002344043280853
0.01400542608058865
0.03785791042092708
0.031076904897738598
0.032823527532499265
0.045736638528810346
0.028665159711660396
0.07134115300432665
0.08424885650022053
0.040871367728682155
0.04611323459351314
0.061123832035087956
0.022316792514031913
0.03524296740808991
0.04150404987291802
0.031571054383604254
0.053343615586483956
0.06191477520133189
0.05742576065216673
0.04245565370618674
0.053888349936270286
0.05075780870385623
0.060146069843383665
0.022709947953709432
0.03173070255258574
0.015826334297977803
0.02365933345756504
0.04462815097813756
0.05254131812712646
0.0523829374651378
0.014876050326045854
0.032206023254508574
0.0360834164980087
0.04660693159458845
0.04993097017953561
0.0420178030305467
0.07299734729619241
0.08207639706807711
0.08127558748157185
0.07050351451693893
0.054302510354283934
0.019850354591147135
0.018427129921325305
0.020028532641001184
0.07077188145622527
0.07896147256247979
0.07593464544397154
0.06195756731097631
0.06694215324886854
0.016113015002233243
0.18145042452578253
0.19453972045136333
0.17965993055645244
0.13985561943144212
0.18342149112469974
0.17625281621371724
0.17105131785432698
0.17750666973646634
0.16674922679217372
0.120130686981693
0.1701563411349089
0.1685391802310099
0.16441874285943156
0.1654953732694246
0.13224436914085255
0.12802249701611054
0.12293452571352352
0.12039115390731998
0.13014144417591247
0.13565347977897796
0.1297182472196908
0.13124343228963822
0.12717487541348726
0.12463150360728371
0.12802336436036735
0.1448946766794424
0.1390453405320616
0.14658955953876585
0.07843277162171174
0.07875491950707543
0.08296520443487419
0.07553584999186044
0.07925052721336732
0.09101265179283388
0.06525776038144729
0.07925052721336732
0.08519278682141208
0.07986862012831328
0.08841482563051153
0.07677509568766792
0.10129074140324704
0.03212841769749935
0.0389185402878273
0.039167677161499326
0.020369565674575582
0.041485981321147156
0.043886132053068516
0.04604074306816928
0.042975588936525456
0.042975588936525456
0.03825508788064943
0.04140208858456678
0.03825508788064943
