0.2067195822725463
0.2122326289042645
0.2058011918205069
0.04639286145367178
0.050922996885072146
0.03476987188146665
0.015122685885360497
0.0151778486125474
0.013505521589745917
0.010064292830762937
0.0048482154376507745
0.13894035756820963
0.15220060181341802
0.14369627805911833
0.26602500093160053
0.2523163605666648
0.2412159750050371
0.18646818583559066
0.18738450440202012
0.13737663209773437
0.03590543283443791
0.033185531309457214
0.019777068679266572
0.013439293394874811
0.09473276382637584
0.10642661953712484
0.02780145739867275
0.029439472048093496
0.1848925612412813
0.1935477168159487
0.09341793999263862
0.19620542883337547
0.20614618227791529
0.18763870036677127
0.19529355122956676
0.01671369887985452
0.019231476767855055
0.22421272003620626
0.24107321624707745
0.21013040015135365
0.2253921026316393
0.2555379242100845
0.227062786596632
0.10572600376134476
0.1103880532991811
0.0124115783584068
0.01024553841288735
0.02545218861799374
0.13352828466413819
0.12685234061721312
0.06218081844494293
0.07717365908999861
0.016576799284307546
0.07205959902078618
0.0741927464859086
0.07373108043474548
0.19718808552465888
0.20387226871381192
0.19965136491050914
0.0025996658551964993
0.21127932020771795
0.19122611175469195
0.12633752609212087
0.046384049890990604
0.05602056457712088
0.0508786927857047
0.0233073888972133
0.04623555826123562
0.04910300103984363
0.057294908475887946
0.24841973087664312
0.27285953540748026
0.26856253484988213
0.037415887563534325
0.05537565043012206
0.05312979705781776
0.004037137597909619
0.003992290378644049
0.0027367493590320182
0.2490804348093808
0.26091643498106987
0.2571507530656613
0.13369891464444641
0.12224664287024907
0.005016577508685434
0.01046423210365037
0.021477915537229463
0.040323539953784945
0.034430294638138924
0.1720385893132039
0.15822635823313702
0.10573792101140966
0.003837071906946562
0.020229450018359296
0.13215094130704896
0.005945152830025351
0.2221200086197022
0.03652695727224619
0.10599976144056276
0.09348140700465739
0.10633949403298203
0.16385868898940634
0.18140972712475423
0.1887496592466321
0.10170523332254379
0.09534710432671656
0.1867481730362439
0.07565101460052702
0.04174214798789307
0.07833059800216022
0.15003643284928658
0.047682091304691906
0.045521136403561195
0.20340676711166955
0.26465825455354425
0.11239710492362578
0.10851354037617525
0.18557355327848096
0.05519998709252481
0.07637134351387273
0.060395404731969846
0.07882277180487296
0.2956325554197523
0.28994623351007426
0.016860559373748564
0.12514085262577157
0.11698005299242277
0.07004955602714885
0.040121287100066336
0.05838034124537948
0.005414755914257199
0.059791232934733964
0.12850433924659427
0.0501002378610765
0.05088618176885646
0.14845620554703304
0.1696641919109888
0.1010788727314318
0.09232308116253234
0.14784661045988134
0.32031179628752177
0.047306942214581905
0.05973374780191889
0.02074613272182309
0.051979818964523916
0.06682953214533754
0.06530601585715444
0.08017169324128283
0.0988294491252445
0.06417922070336908
0.18793742467936503
0.18659563054842032
0.07914788998139133
0.11544920659263765
0.1407112463794554
0.15293203282918907
0.12441017708377378
0.12012816542385454
0.32033436531138354
0.298791759983502
0.18106177347113347
0.1850846695602074
0.03859374382828013
0.04203765339792246
0.23740314470209806
0.2025163771930456
0.0545698988546028
0.04756085740422961
0.13610222814028367
0.15834314185571913
0.020020289418816724
0.02344755126850985
0.13773982975373172
0.1417452973140826
0.12091074471660583
0.2579064270020097
0.0916053833882948
0.07958142219007339
0.11371839019634322
0.03682888995602203
0.0594561918081128
0.2568236505290631
0.284061032888505
0.10565981644397261
0.12962578089046733
0.24846903686246524
0.2430557299253285
0.23058400984944422
0.23020440162718506
0.14786712710370883
0.06869627463771993
0.1239251748723129
0.121383419947835
0.1271043138498701
0.09200079373667738
0.10230818941226028
0.1034535190102666
0.22102215337614162
0.21725419655877587
0.21574890457389678
0.1109493484988381
0.11577351929852246
0.11577394842203785
0.015065960036232168
0.012236358074623211
0.038451196739561856
0.03884166019889907
0.03903658718884931
0.015077623370689032
0.024506791890821528
0.0022169083579580066
0.009462437105162126
0.011446129243656592
0.03938521890684794
0.03585996618461883
0.05073530623439642
0.01499251788236631
0.03167769150252994
0.03992425848250198
0.04017739449159066
0.029371497220959355
0.020251302404631272
0.03288931504021137
0.031781691408458164
0.03273265197217719
0.026746950719116133
0.01757230981472372
0.027462427319027788
0.02961330890007817
0.04868817916615281
0.05502034545519035
0.0256560598874885
0.01727794833684841
0.012386834099822733
0.0649504963713469
0.14160413479280334
0.16656926429329724
0.04068423429107383
0.036110356352809805
0.05310638401053839
0.05745920973270152
0.05682087139063568
0.004963777117015036
0.008064730320390096
0.022316792514031913
0.03524296740808991
0.055460890452332844
0.1324805735252012
0.12517681058018787
0.01710927772884602
0.015728063909359654
0.023570145687940698
0.014821438279838176
0.020079912302947773
0.05380428157825064
0.05339369381012057
0.100953495126722
0.1939183439220584
0.03977910074303734
0.06391065627671932
0.052160788485192004
0.022709947953709432
0.03173070255258574
0.2137120956040332
0.2312791537530037
0.209665688246125
0.05742031020748759
0.0617851824077703
0.056012561386124184
0.07299734729619241
0.08207639706807711
0.08127558748157185
0.18145042452578253
0.19453972045136333
0.17965993055645244
0.13224436914085255
0.12802249701611054
0.12293452571352352
0.07843277162171174
0.07875491950707543
0.08296520443487419
0.19239578658213888
0.19478492891298244
0.13246326407501463
0.06680122034826229
0.07186676068422962
0.060448555500676786
0.03212841769749935
0.0389185402878273
0.039167677161499326
0.24382439190481306
0.24375817473387143
0.2415531436184866
0.13101895805064676
0.13189801609047017
0.12899839966897475
0.22218845372436527
0.23089755377143334
0.2038055063878217
0.38130266811007935
0.3956518176811655
0.3678880704955253
